380.0      0.06
390.0      0.04
400.0      0.05
410.0      0.03
420.0      0.01
430.0      0.02
440.0      0.01
450.0      0.00
460.0      0.09
470.0      0.15
480.0      0.24
490.0      0.31
500.0      0.40
510.0      0.49
520.0      0.52
530.0      0.63
540.0      0.72
550.0      0.78
560.0      0.83
570.0      0.84
580.0      0.84
590.0      0.83
600.0      0.82
610.0      0.84
620.0      0.85
630.0      0.86
640.0      0.83
650.0      0.83
660.0      0.82
670.0      0.82
680.0      0.81
690.0      0.81
700.0      0.81
710.0      0.82
720.0      0.83
730.0      0.84
740.0      0.84
750.0      0.85
760.0      0.87
770.0      0.90
